0 0.685785174369812
0.0202020202020202 1.671734661843756
0.04040404040404041 2.406275879710673
0.06060606060606061 0.3751674976449584
0.08080808080808081 4.355949133959927
0.101010101010101 2.109699153802691
0.1212121212121212 2.790434983246801
0.1414141414141414 3.10140969032214
0.1616161616161616 2.270212915795088
0.1818181818181818 3.048951873848261
0.202020202020202 1.360621330866022
0.2222222222222222 3.357081021055763
0.2424242424242424 2.168399231670864
0.2626262626262627 0.2882821443567178
0.2828282828282829 1.744508846537603
0.303030303030303 2.417449880620555
0.3232323232323233 3.80594814163655
0.3434343434343435 3.804381084700906
0.3636363636363636 2.161995381609468
0.3838383838383839 2.428977949548019
0.4040404040404041 -0.4499680050634969
0.4242424242424243 -0.5363765591541707
0.4444444444444445 4.870550977595059
0.4646464646464647 4.038949675984972
0.4848484848484849 3.730094078675091
0.5050505050505051 2.70617406195359
0.5252525252525253 4.05716230439241
0.5454545454545455 4.502482364554544
0.5656565656565657 6.06706501015497
0.5858585858585859 3.121708538420115
0.6060606060606061 5.316508464303118
0.6262626262626263 2.307385352932304
0.6464646464646465 5.364868116851924
0.6666666666666667 4.067686743206449
0.686868686868687 6.78099525993472
0.7070707070707072 6.794844680268016
0.7272727272727273 7.328375861664449
0.7474747474747475 4.546175824998046
0.7676767676767677 6.668927310480292
0.787878787878788 7.194891561216123
0.8080808080808082 2.038250554715988
0.8282828282828284 6.664427010696916
0.8484848484848485 10.03002174421666
0.8686868686868687 8.679244205758543
0.888888888888889 7.688441567582849
0.9090909090909092 6.764918352084712
0.9292929292929294 8.662365114955852
0.9494949494949496 6.068100315349442
0.9696969696969697 4.36557122783118
0.9898989898989899 6.208529523715306
1.01010101010101 9.764774049961888
1.03030303030303 6.402222523074069
1.050505050505051 10.58672732285074
1.070707070707071 11.65365249300451
1.090909090909091 10.83726014233818
1.111111111111111 7.639633572395937
1.131313131313131 10.09047526778548
1.151515151515152 11.06861667467762
1.171717171717172 10.19156166707623
1.191919191919192 10.16350381842641
1.212121212121212 10.9686174361639
1.232323232323232 8.991161464829919
1.252525252525253 11.54593506046442
1.272727272727273 12.77806508738148
1.292929292929293 11.33858064436006
1.313131313131313 12.54740802682963
1.333333333333333 8.154551135169136
1.353535353535354 13.34701126849161
1.373737373737374 13.62986867968288
1.393939393939394 12.79246748578833
1.414141414141414 9.89197943389641
1.434343434343434 11.68650939969089
1.454545454545455 11.53848847722219
1.474747474747475 12.32661975405859
1.494949494949495 13.16357636381176
1.515151515151515 13.4069492202543
1.535353535353535 17.57099426430034
1.555555555555556 14.84506798319427
1.575757575757576 14.77371664209115
1.595959595959596 16.22418102381813
1.616161616161616 16.96656139039128
1.636363636363636 15.94898631820101
1.656565656565657 17.14578364622702
1.676767676767677 17.41877791023403
1.696969696969697 16.69669183919718
1.717171717171717 18.04152905308535
1.737373737373737 19.8465247808543
1.757575757575758 15.49139031518808
1.777777777777778 17.60194456430129
1.797979797979798 17.17544836694094
1.818181818181818 18.55359153326386
1.838383838383838 19.44156575001949
1.858585858585859 21.32689199506258
1.878787878787879 18.67376020014341
1.898989898989899 22.59004404346939
1.919191919191919 19.97514836372174
1.939393939393939 20.35897524656234
1.95959595959596 22.84908602695881
1.97979797979798 19.97749416590491
2 20.86156222224236
